-189.554 -290.712 2231.52
66.4477 -292.37 2217.91
318.895 -295.206 2214.53
-189.245 -190.853 2227.23
66.3184 -192.454 2213.61
318.437 -194.969 2210.78
-188.595 -88.8836 2222.7
66.4648 -90.9675 2209.38
318.272 -93.6431 2207.04
-187.687 13.5444 2219.47
66.8947 10.6894 2206.56
318.292 7.61305 2204.53
-186.986 115.304 2216.69
67.1008 111.929 2204.22
318.097 108.68 2202.35
-185.757 218.057 2212.05
67.8713 213.794 2200.19
318.449 209.964 2198.57
-204.571 210.057 2681.22
47.1945 206.161 2669.05
296.002 202.457 2665.38
-205.431 108.352 2684.87
46.8107 105.008 2672.22
296.021 101.637 2668.32
-206.378 8.75283 2688.82
46.3111 6.07923 2675.57
295.915 3.16996 2671.37
-207.288 -93.1466 2693.53
45.8929 -95.1718 2679.74
295.914 -97.7109 2675.41
-210.14 -196.494 2713.09
45.4571 -197.599 2684.45
295.865 -199.606 2679.42
-208.618 -295.86 2703.87
45.5042 -297.049 2689.47
296.263 -299.177 2683.85
-229.192 -300.522 3185.75
25.15 -301.035 3153.75
274.834 -303.82 3162.8
-228.655 -200.148 3179.48
25.1622 -201.337 3148.12
273.884 -203.295 3141.01
-227.729 -98.5715 3173.27
25.6741 -100.955 3142.35
273.985 -103.46 3135.75
-224.765 2.15674 3151.21
26.1651 -0.527974 3137.46
274.067 -3.45631 3131.23
-223.795 102.304 3146.45
26.6992 98.9974 3132.94
274.189 95.6146 3127.21
-222.847 202.854 3141.76
27.2051 198.98 3128.69
274.289 195.198 3123.25
-240.576 196.106 3599.51
7.71684 192.125 3585.63
253.097 188.154 3578.35
-241.785 95.4672 3604.7
6.92321 92.159 3590.4
252.726 88.7459 3582.6
-242.877 -3.64617 3610.33
6.28731 -6.36541 3595.52
253 -8.53626 3605.96
-243.927 -103.987 3616.26
5.69364 -106.172 3601.23
252.864 -108.474 3611.1
-244.821 -204.041 3622.34
5.26816 -205.704 3606.53
252.777 -208.129 3616.25
-247.88 -305.545 3647.94
4.73175 -305.836 3612.65
252.644 -308.29 3621.68
-265.5 -310.338 4103.75
-14.6004 -310.974 4065.79
231.55 -313.706 4075.5
-262.284 -209.635 4075.12
-13.9539 -211.614 4058.71
231.42 -214.021 4048.29
-261.057 -109.219 4068.11
-13.1507 -111.899 4052.24
231.826 -114.918 4042.13
-260.446 -11.3126 4061.87
-13.0207 -13.9683 4046.24
231.949 -16.1169 4056.6
-258.593 89.3697 4055.11
-11.5324 85.519 4040.13
232.573 81.5369 4031.01
-257.71 187.756 4049.19
-11.1081 183.678 4034.39
232.632 179.566 4025.63
-275.447 180.06 4494.43
-30.4938 176.014 4478.28
211.668 171.909 4467.11
-276.9 80.83 4501.14
-31.5366 77.4784 4484.48
211.285 75.1536 4495.38
-277.984 -17.3706 4508.19
-32.1827 -20.3472 4491.23
211.041 -22.8614 4501.91
-279.082 -115.468 4515.45
-32.8528 -118.063 4498.1
210.769 -120.766 4508.37
-280.246 -214.173 4523.03
-33.6221 -216.247 4505.43
210.39 -218.978 4515.38
-281.308 -311.418 4531.43
-34.2093 -313.085 4513.19
210.171 -316.017 4523.05
